M1 = 0.5;
M2 = 1;

k = 1;

F = 1;
mu = 0.02;
g = 9.8;