k = 40;
b = 10;
M = 100;
F = 10;