k = 20;
b = 10;
M = 1;
F = 1;

Kp = 1000;
Ki = 0;
Kd = 0;