k = 20;
b = 10;
M = 1;
F = 1;

Kp = 350;
Ki = 300;
Kd = 50;